         game.Players.LocalPlayer.Character.HumanoidRootPart.CFrame = CFrame.new(-187.609573, 331.626068, -3668.06421, -0.71129334, 3.29227454e-08, -0.702895224, 3.47432412e-08, 1, 1.16804193e-08, 0.702895224, -1.61126525e-08, -0.71129334)
wait(10)
         game.Players.LocalPlayer.Character.HumanoidRootPart.CFrame = CFrame.new(6748.05566, 217.25383, -3662.9707, -0.5014171, 1.96711736e-09, 0.865205705, 2.26981953e-08, 1, 1.0880818e-08, -0.865205705, 2.50944368e-08, -0.5014171)
wait(5)
         game.Players.LocalPlayer.Character.HumanoidRootPart.CFrame = CFrame.new(6018.13086, 218.757523, -335.779541, -0.73219955, -5.76264725e-08, 0.681090176, -6.43216822e-08, 1, 1.54607545e-08, -0.681090176, -3.24885079e-08, -0.73219955)
wait(5)
         game.Players.LocalPlayer.Character.HumanoidRootPart.CFrame = CFrame.new(3818.16333, 218.460663, 832.73468, 0.201848924, -4.98952168e-08, 0.979416728, 6.03490307e-08, 1, 3.8506407e-08, -0.979416728, 5.13343679e-08, 0.201848924)
wait(5)
         game.Players.LocalPlayer.Character.HumanoidRootPart.CFrame = CFrame.new(3239.72461, 218.157562, -2110.15283, -0.660981476, -5.39685203e-08, 0.750402272, 2.24744898e-08, 1, 9.17157976e-08, -0.750402272, 7.74873428e-08, -0.660981476)
wait(5)
         game.Players.LocalPlayer.Character.HumanoidRootPart.CFrame = CFrame.new(1541.05762, 218.557571, -4566.79102, 0.806354165, -4.47548167e-08, 0.591432929, -1.42610537e-08, 1, 9.51152259e-08, -0.591432929, -8.51310133e-08, 0.806354165)
wait(5)
         game.Players.LocalPlayer.Character.HumanoidRootPart.CFrame = CFrame.new(539.199219, 307.708435, -2313.01782, -0.485668212, -6.8856707e-08, -0.874143243, -4.94542931e-08, 1, -5.12940304e-08, 0.874143243, 1.83182554e-08, -0.485668212)
wait(5)
         game.Players.LocalPlayer.Character.HumanoidRootPart.CFrame = CFrame.new(-245.875458, 228.310913, -1670.01685, -0.886309087, -2.85091395e-10, 0.463094115, -1.59553437e-08, 1, -2.99210754e-08, -0.463094115, -3.39081474e-08, -0.886309087)
wait(5)
         game.Players.LocalPlayer.Character.HumanoidRootPart.CFrame = CFrame.new(-1464.38525, 362.625153, -2895.76636, 0.241082534, -9.59402424e-09, -0.970504642, -6.11233419e-09, 1, -1.14039658e-08, 0.970504642, 8.68134542e-09, 0.241082534)
wait(10)
         game.Players.LocalPlayer.Character.HumanoidRootPart.CFrame = CFrame.new(1534.90613, 128.531143, -4688.31543, -0.997893512, 4.71947921e-08, -0.0648730844, 4.69469335e-08, 1, 5.34508038e-09, 0.0648730844, 2.28822872e-09, -0.997893512)